1   0.68169   0.999992
2   0.703434   0.681685
3   0.740722   0.783005
4   0.744326   0.750754
5   0.750341   0.761019
6   0.752317   0.757752
7   0.754034   0.758792
8   0.75501   0.75846
9   0.755743   0.758566
10   0.756256   0.758532
11   0.756645   0.758543
12   0.756942   0.758539
13   0.757174   0.75854
14   0.75736   0.75854
15   0.75751   0.75854
16   0.757634   0.75854
17   0.757736   0.75854
18   0.757823   0.75854
19   0.757896   0.75854
20   0.757958   0.75854
21   0.758013   0.758539
22   0.758059   0.758539
23   0.7581   0.758539
24   0.758137   0.758539
25   0.758168   0.758539
26   0.758197   0.758539
27   0.758222   0.758539
28   0.758244   0.758539
29   0.758265   0.758539
30   0.758283   0.758539
31   0.7583   0.758539
32   0.758315   0.758538
33   0.758329   0.758538
34   0.758341   0.758538
35   0.758353   0.758538
36   0.758363   0.758538
37   0.758373   0.758538
38   0.758382   0.758538
39   0.75839   0.758538
40   0.758398   0.758538
41   0.758405   0.758537
42   0.758412   0.758537
43   0.758418   0.758537
44   0.758424   0.758537
45   0.758429   0.758537
46   0.758434   0.758537
47   0.758439   0.758537
48   0.758443   0.758537
49   0.758447   0.758536
50   0.758451   0.758536
51   0.758455   0.758536
52   0.758459   0.758536
53   0.758462   0.758536
54   0.758465   0.758536
55   0.758468   0.758535
56   0.758471   0.758535
57   0.758473   0.758535
58   0.758476   0.758535
59   0.758478   0.758535
60   0.75848   0.758535
61   0.758483   0.758534
62   0.758485   0.758534
63   0.758487   0.758534
64   0.758488   0.758534
65   0.75849   0.758534
66   0.758492   0.758533
67   0.758494   0.758533
68   0.758495   0.758533
69   0.758497   0.758533
70   0.758498   0.758533
71   0.758499   0.758532
72   0.758501   0.758532
73   0.758502   0.758532
74   0.758503   0.758532
75   0.758504   0.758531
76   0.758505   0.758531
77   0.758507   0.758531
78   0.758508   0.758531
79   0.758509   0.75853
80   0.758509   0.75853
81   0.75851   0.75853
82   0.758511   0.75853
83   0.758512   0.758529
84   0.758513   0.758529
85   0.758514   0.758529
86   0.758515   0.758528
87   0.758515   0.758528
88   0.758516   0.758528
89   0.758517   0.758527
90   0.758517   0.758527
91   0.758518   0.758527
92   0.758519   0.758526
93   0.758519   0.758526
94   0.75852   0.758525
95   0.75852   0.758525
96   0.758521   0.758525
97   0.758521   0.758524
98   0.758522   0.758524
99   0.758522   0.758523
100   0.758523   0.758523
101   0.758523   0.758522
102   0.758524   0.758522
103   0.758524   0.758521
104   0.758525   0.758521
105   0.758525   0.75852
106   0.758526   0.75852
107   0.758526   0.758519
108   0.758526   0.758518
109   0.758527   0.758518
110   0.758527   0.758517
111   0.758527   0.758516
112   0.758528   0.758516
113   0.758528   0.758515
114   0.758528   0.758514
115   0.758529   0.758513
116   0.758529   0.758513
117   0.758529   0.758512
118   0.75853   0.758511
119   0.75853   0.75851
120   0.75853   0.758509
121   0.758531   0.758508
122   0.758531   0.758507
123   0.758531   0.758506
124   0.758531   0.758505
125   0.758532   0.758504
126   0.758532   0.758503
127   0.758532   0.758501
128   0.758532   0.7585
129   0.758533   0.758499
130   0.758533   0.758497
131   0.758533   0.758496
132   0.758533   0.758494
133   0.758533   0.758493
134   0.758534   0.758491
135   0.758534   0.758489
136   0.758534   0.758488
137   0.758534   0.758486
138   0.758534   0.758484
139   0.758535   0.758482
140   0.758535   0.758479
141   0.758535   0.758477
142   0.758535   0.758475
143   0.758535   0.758472
144   0.758535   0.758469
145   0.758536   0.758466
146   0.758536   0.758463
147   0.758536   0.75846
148   0.758536   0.758457
149   0.758536   0.758453
150   0.758536   0.758449
151   0.758536   0.758445
152   0.758537   0.758441
153   0.758537   0.758437
154   0.758537   0.758432
155   0.758537   0.758426
156   0.758537   0.758421
157   0.758537   0.758415
158   0.758537   0.758409
159   0.758537   0.758402
160   0.758538   0.758394
161   0.758538   0.758386
162   0.758538   0.758378
163   0.758538   0.758368
164   0.758538   0.758358
165   0.758538   0.758347
166   0.758538   0.758335
167   0.758538   0.758322
168   0.758538   0.758308
169   0.758539   0.758292
170   0.758539   0.758275
171   0.758539   0.758255
172   0.758539   0.758234
173   0.758539   0.75821
174   0.758539   0.758183
175   0.758539   0.758153
176   0.758539   0.75812
177   0.758539   0.758081
178   0.758539   0.758038
179   0.758539   0.757987
180   0.75854   0.757929
181   0.75854   0.757862
182   0.75854   0.757783
183   0.75854   0.757689
184   0.75854   0.757577
185   0.75854   0.757441
186   0.75854   0.757275
187   0.75854   0.757068
188   0.75854   0.756807
189   0.75854   0.75647
190   0.75854   0.756025
191   0.75854   0.75542
192   0.75854   0.754569
193   0.758541   0.753317
194   0.758541   0.75137
195   0.758541   0.748099
196   0.758541   0.741978
197   0.758541   0.728453
198   0.758541   0.688549
199   0.758541   0.462518
