0.992   1.67772e-17   0.937764   -55.0622
0.9921   1.51711e-17   0.93852   -55.0615
0.9922   1.37011e-17   0.939277   -55.0607
0.9923   1.23574e-17   0.940035   -55.06
0.9924   1.11303e-17   0.940793   -55.0592
0.9925   1.00113e-17   0.941552   -55.0584
0.9926   8.99195e-18   0.942311   -55.0577
0.9927   8.0646e-18   0.943071   -55.0569
0.9928   7.22204e-18   0.943831   -55.0562
0.9929   6.45754e-18   0.944592   -55.0554
0.993   5.7648e-18   0.945353   -55.0546
0.9931   5.13798e-18   0.946115   -55.0539
0.9932   4.57163e-18   0.946877   -55.0531
0.9933   4.06068e-18   0.94764   -55.0524
0.9934   3.60041e-18   0.948404   -55.0516
0.9935   3.18645e-18   0.949168   -55.0508
0.9936   2.81475e-18   0.949932   -55.0501
0.9937   2.48156e-18   0.950697   -55.0493
0.9938   2.1834e-18   0.951463   -55.0485
0.9939   1.91707e-18   0.952229   -55.0478
0.994   1.67962e-18   0.952996   -55.047
0.9941   1.4683e-18   0.953763   -55.0462
0.9942   1.28063e-18   0.954531   -55.0455
0.9943   1.11429e-18   0.955299   -55.0447
0.9944   9.67173e-19   0.956068   -55.0439
0.9945   8.37339e-19   0.956838   -55.0432
0.9946   7.2302e-19   0.957608   -55.0424
0.9947   6.22597e-19   0.958378   -55.0416
0.9948   5.34597e-19   0.959149   -55.0409
0.9949   4.57679e-19   0.959921   -55.0401
0.995   3.90625e-19   0.960693   -55.0393
0.9951   3.32329e-19   0.961466   -55.0385
0.9952   2.81793e-19   0.962239   -55.0378
0.9953   2.38113e-19   0.963013   -55.037
0.9954   2.00476e-19   0.963787   -55.0362
0.9955   1.68151e-19   0.964562   -55.0354
0.9956   1.40482e-19   0.965337   -55.0347
0.9957   1.16882e-19   0.966113   -55.0339
0.9958   9.68265e-20   0.96689   -55.0331
0.9959   7.98493e-20   0.967667   -55.0323
0.996   6.5536e-20   0.968444   -55.0316
0.9961   5.35201e-20   0.969223   -55.0308
0.9962   4.34779e-20   0.970001   -55.03
0.9963   3.51248e-20   0.97078   -55.0292
0.9964   2.82111e-20   0.97156   -55.0284
0.9965   2.25188e-20   0.972341   -55.0277
0.9966   1.78579e-20   0.973121   -55.0269
0.9967   1.40641e-20   0.973903   -55.0261
0.9968   1.09951e-20   0.974685   -55.0253
0.9969   8.52891e-21   0.975467   -55.0245
0.997   6.561e-21   0.97625   -55.0237
0.9971   5.00246e-21   0.977034   -55.023
0.9972   3.77802e-21   0.977818   -55.0222
0.9973   2.8243e-21   0.978603   -55.0214
0.9974   2.08827e-21   0.979388   -55.0206
0.9975   1.52588e-21   0.980174   -55.0198
0.9976   1.10075e-21   0.980961   -55.019
0.9977   7.8311e-22   0.981747   -55.0183
0.9978   5.48759e-22   0.982535   -55.0175
0.9979   3.78229e-22   0.983323   -55.0167
0.998   2.56e-22   0.984112   -55.0159
0.9981   1.69836e-22   0.984901   -55.0151
0.9982   1.102e-22   0.98569   -55.0143
0.9983   6.97576e-23   0.986481   -55.0135
0.9984   4.29497e-23   0.987271   -55.0127
0.9985   2.56289e-23   0.988063   -55.0119
0.9986   1.47579e-23   0.988855   -55.0111
0.9987   8.15731e-24   0.989647   -55.0104
0.9988   4.29982e-24   0.99044   -55.0096
0.9989   2.14359e-24   0.991234   -55.0088
0.999   1e-24   0.992028   -55.008
0.9991   4.30467e-25   0.992823   -55.0072
0.9992   1.67772e-25   0.993618   -55.0064
0.9993   5.7648e-26   0.994414   -55.0056
0.9994   1.67962e-26   0.99521   -55.0048
0.9995   3.90625e-27   0.996007   -55.004
0.9996   6.5536e-28   0.996804   -55.0032
0.9997   6.561e-29   0.997603   -55.0024
0.9998   2.56e-30   0.998401   -55.0016
0.9999   1e-32   0.9992   -55.0008
1   3.87259e-121   1   -55
1.0001   1e-32   1.0008   -54.9992
1.0002   2.56e-30   1.0016   -54.9984
1.0003   6.561e-29   1.0024   -54.9976
1.0004   6.5536e-28   1.0032   -54.9968
1.0005   3.90625e-27   1.00401   -54.996
1.0006   1.67962e-26   1.00481   -54.9952
1.0007   5.7648e-26   1.00561   -54.9944
1.0008   1.67772e-25   1.00642   -54.9936
1.0009   4.30467e-25   1.00722   -54.9928
1.001   1e-24   1.00803   -54.992
1.0011   2.14359e-24   1.00883   -54.9912
1.0012   4.29982e-24   1.00964   -54.9904
1.0013   8.15731e-24   1.01045   -54.9896
1.0014   1.47579e-23   1.01126   -54.9887
1.0015   2.56289e-23   1.01206   -54.9879
1.0016   4.29497e-23   1.01287   -54.9871
1.0017   6.97576e-23   1.01368   -54.9863
1.0018   1.102e-22   1.01449   -54.9855
1.0019   1.69836e-22   1.0153   -54.9847
1.002   2.56e-22   1.01611   -54.9839
1.0021   3.78229e-22   1.01692   -54.9831
1.0022   5.48759e-22   1.01774   -54.9823
1.0023   7.8311e-22   1.01855   -54.9815
1.0024   1.10075e-21   1.01936   -54.9806
1.0025   1.52588e-21   1.02018   -54.9798
1.0026   2.08827e-21   1.02099   -54.979
1.0027   2.8243e-21   1.02181   -54.9782
1.0028   3.77802e-21   1.02262   -54.9774
1.0029   5.00246e-21   1.02344   -54.9766
1.003   6.561e-21   1.02425   -54.9757
1.0031   8.52891e-21   1.02507   -54.9749
1.0032   1.09951e-20   1.02589   -54.9741
1.0033   1.40641e-20   1.02671   -54.9733
1.0034   1.78579e-20   1.02753   -54.9725
1.0035   2.25188e-20   1.02835   -54.9717
1.0036   2.82111e-20   1.02917   -54.9708
1.0037   3.51248e-20   1.02999   -54.97
1.0038   4.34779e-20   1.03081   -54.9692
1.0039   5.35201e-20   1.03163   -54.9684
1.004   6.5536e-20   1.03245   -54.9675
1.0041   7.98493e-20   1.03327   -54.9667
1.0042   9.68265e-20   1.0341   -54.9659
1.0043   1.16882e-19   1.03492   -54.9651
1.0044   1.40482e-19   1.03575   -54.9643
1.0045   1.68151e-19   1.03657   -54.9634
1.0046   2.00476e-19   1.0374   -54.9626
1.0047   2.38113e-19   1.03822   -54.9618
1.0048   2.81793e-19   1.03905   -54.9609
1.0049   3.32329e-19   1.03988   -54.9601
1.005   3.90625e-19   1.04071   -54.9593
1.0051   4.57679e-19   1.04154   -54.9585
1.0052   5.34597e-19   1.04237   -54.9576
1.0053   6.22597e-19   1.04319   -54.9568
1.0054   7.2302e-19   1.04403   -54.956
1.0055   8.37339e-19   1.04486   -54.9551
1.0056   9.67173e-19   1.04569   -54.9543
1.0057   1.11429e-18   1.04652   -54.9535
1.0058   1.28063e-18   1.04735   -54.9526
1.0059   1.4683e-18   1.04819   -54.9518
1.006   1.67962e-18   1.04902   -54.951
1.0061   1.91707e-18   1.04985   -54.9501
1.0062   2.1834e-18   1.05069   -54.9493
1.0063   2.48156e-18   1.05153   -54.9485
1.0064   2.81475e-18   1.05236   -54.9476
1.0065   3.18645e-18   1.0532   -54.9468
1.0066   3.60041e-18   1.05404   -54.946
1.0067   4.06068e-18   1.05487   -54.9451
1.0068   4.57163e-18   1.05571   -54.9443
1.0069   5.13798e-18   1.05655   -54.9434
1.007   5.7648e-18   1.05739   -54.9426
1.0071   6.45754e-18   1.05823   -54.9418
1.0072   7.22204e-18   1.05907   -54.9409
1.0073   8.0646e-18   1.05991   -54.9401
1.0074   8.99195e-18   1.06076   -54.9392
1.0075   1.00113e-17   1.0616   -54.9384
1.0076   1.11303e-17   1.06244   -54.9376
1.0077   1.23574e-17   1.06329   -54.9367
1.0078   1.37011e-17   1.06413   -54.9359
1.0079   1.51711e-17   1.06498   -54.935
1.008   1.67772e-17   1.06582   -54.9342
